%YAML:1.0

#common parameters
#support: 1 imu 1 cam; 1 imu 2 cam: 2 cam; 
imu: 1         
num_of_cam: 2


imu_topic: "/mavros/imu/data_raw"
image0_topic: "/camera/infra1/image_rect_raw"
image1_topic: "/camera/infra2/image_rect_raw"




output_path: "/home/orangepi/vins_output"


cam0_calib: "left.yaml"
cam1_calib: "right.yaml"
image_width: 640
image_height: 480
   

# Extrinsic parameter between IMU and Camera.
estimate_extrinsic: 1   # 0  Have an accurate extrinsic parameters. We will trust the following imu^R_cam, imu^T_cam, don't change it.
                        # 1  Have an initial guess about extrinsic parameters. We will optimize around your initial guess.


# body_T_cam0: !!opencv-matrix
#    rows: 4
#    cols: 4
#    dt: d
#    data: [ -4.0331229980579142e-03, 1.7930235072282343e-02,
#        9.9983110603198144e-01, 5.7810328657723203e-02,
#        -9.8455038836535569e-01, -1.7509951907633137e-01,
#        -8.3137769065806536e-04, 6.8570679145230030e-03,
#        1.7505503902632918e-01, -9.8438745679203465e-01,
#        1.8359417801233402e-02, 3.3689639877224120e-02, 0., 0., 0., 1. ]
# body_T_cam1: !!opencv-matrix
#    rows: 4
#    cols: 4
#    dt: d
#    data: [ -3.5850445633149874e-03, 1.6412106762719595e-02,
#        9.9985888514684340e-01, 5.7392750338053342e-02,
#        -9.8448529787685801e-01, -1.7546588297597321e-01,
#        -6.4975054965355123e-04, -4.1051516238367156e-02,
#        1.7543045835827276e-01, -9.8434870176328859e-01,
#        1.6786530824892787e-02, 4.2180501464923428e-02, 0., 0., 0., 1. ]


body_T_cam0: !!opencv-matrix
   rows: 4
   cols: 4
   dt: d
   data: [ -3.9054743833806249e-03, 1.7120187228348998e-02,
       9.9984581134248263e-01, 5.9531765355147120e-02,
       -9.8448198608812332e-01, -1.7548365255871001e-01,
       -8.4068581446388368e-04, 1.0281595845627352e-02,
       1.7544220227136148e-01, -9.8433347340925115e-01,
       1.7539862834535236e-02, 2.3059524369519049e-02, 0., 0., 0., 1. ]
body_T_cam1: !!opencv-matrix
   rows: 4
   cols: 4
   dt: d
   data: [ -3.3813927456889381e-03, 1.5700852357273729e-02,
       9.9987101639079179e-01, 5.9030257797362089e-02,
       -9.8441377748526071e-01, -1.7586697427133213e-01,
       -5.6750140676959672e-04, -3.8426582415502085e-02,
       1.7583538005844976e-01, -9.8428872318842608e-01,
       1.6050810689769213e-02, 3.1429003383954122e-02, 0., 0., 0., 1. ]



# body_T_cam0: !!opencv-matrix
#    rows: 4
#    cols: 4
#    dt: d
#    data: [ -2.1766318953186925e-03, 1.6998136274735651e-02,
#        9.9985315203622671e-01, 6.1423526676015416e-02,
#        -9.8537278913582227e-01, -1.7041097660762428e-01,
#        7.5198558902750086e-04, 6.3399695245339380e-03,
#        1.7039873445622378e-01, -9.8522645235236206e-01,
#        1.7120422918143641e-02, 2.5631938505490445e-02, 0., 0., 0., 1. ]
# body_T_cam1: !!opencv-matrix
#    rows: 4
#    cols: 4
#    dt: d
#    data: [ -1.8253234317555656e-03, 1.5204520413385330e-02,
#        9.9988273850155474e-01, 6.1604992177116936e-02,
#        -9.8535427472721115e-01, -1.7051780731510036e-01,
#        7.9414435848553368e-04, -4.2533903883373726e-02,
#        1.7050988672561271e-01, -9.8523728103815145e-01,
#        1.5293089333730192e-02, 3.4069453915037171e-02, 0., 0., 0., 1. ]
      
       
#Multiple thread support
multiple_thread: 1

#feature traker paprameters
max_cnt: 150            # max feature number in feature tracking
min_dist: 30            # min distance between two features 
freq: 10                # frequence (Hz) of publish tracking result. At least 10Hz for good estimation. If set 0, the frequence will be same as raw image 
F_threshold: 1.0        # ransac threshold (pixel)
show_track: 1           # publish tracking image as topic
flow_back: 1            # perform forward and backward optical flow to improve feature tracking accuracy

#optimization parameters
max_solver_time: 0.04  # max solver itration time (ms), to guarantee real time
max_num_iterations: 8   # max solver itrations, to guarantee real time
keyframe_parallax: 10.0 # keyframe selection threshold (pixel)

#imu parameters       The more accurate parameters you provide, the better performance
acc_n: 0.1          # accelerometer measurement noise standard deviation. #0.2   0.04
gyr_n: 0.01         # gyroscope measurement noise standard deviation.     #0.05  0.004
acc_w: 0.001         # accelerometer bias random work noise standard deviation.  #0.002
gyr_w: 0.0001       # gyroscope bias random work noise standard deviation.     #4.0e-5
g_norm: 9.805         # gravity magnitude

#unsynchronization parameters
estimate_td: 1                      # online estimate time offset between camera and imu
td: -0.05                             # initial value of time offset. unit: s. readed image clock + td = real image clock (IMU clock)

#loop closure parameters
load_previous_pose_graph: 0        # load and reuse previous pose graph; load from 'pose_graph_save_path'
pose_graph_save_path: "/home/orangepi/vins_output/pose_graph/" # save and load path
save_image: 1                   # save image in pose graph for visualization prupose; you can close this function by setting 0 

